AQS Code	TCEQ Region	Reg#	Latitude	Longitude
480010647	TYLER	05	31.7794440	-95.7058330
480055013	BEAUMONT	10	31.2338890	-94.7500000
480210684	AUSTIN	11	30.1408770	-97.4588971
480250001	CORPUS CHRISTI	14	28.4188890	-97.7525000
480250641	CORPUS CHRISTI	14	28.3597220	-97.7900000
480270001	WACO	09	31.1566670	-97.4083330
480270651	WACO	09	30.9975000	-97.3394440
480271045	WACO	09	31.1224187	-97.4310523
480271047	WACO	09	31.0880022	-97.6797343
480290001	SAN ANTONIO	13	29.2819440	-98.2958330
480290002	SAN ANTONIO	13	0	0
480290003	SAN ANTONIO	13	29.6419440	-98.4186110
480290004	SAN ANTONIO	13	29.5200000	-98.8027780
480290005	SAN ANTONIO	13	29.5061110	-98.5702780
480290006	SAN ANTONIO	13	29.5719440	-98.5252780
480290007	SAN ANTONIO	13	29.5208330	-98.4777780
480290008	SAN ANTONIO	13	29.5208330	-98.4777780
480290009	SAN ANTONIO	13	29.5111110	-98.2919440
480290011	SAN ANTONIO	13	29.3855560	-98.6383330
480290012	SAN ANTONIO	13	29.4236110	-98.5791670
480290013	SAN ANTONIO	13	29.4708330	-98.5194440
480290014	SAN ANTONIO	13	29.5616670	-98.6800000
480290015	SAN ANTONIO	13	29.4444440	-98.4130560
480290017	SAN ANTONIO	13	29.3275000	-98.5375000
480290018	SAN ANTONIO	13	29.3525000	-98.4538890
480290019	SAN ANTONIO	13	29.3650000	-98.3180560
480290020	SAN ANTONIO	13	29.2255560	-98.6666670
480290021	SAN ANTONIO	13	29.2666670	-98.3861110
480290022	SAN ANTONIO	13	29.5277780	-98.4744440
480290023	SAN ANTONIO	13	29.5900000	-98.6411110
480290024	SAN ANTONIO	13	29.4375000	-98.5644440
480290026	SAN ANTONIO	13	29.3677780	-98.5436110
480290027	SAN ANTONIO	13	29.4350000	-98.4161110
480290029	SAN ANTONIO	13	29.5083330	-98.4033330
480290032	SAN ANTONIO	13	29.5150900	-98.6201660
480290033	SAN ANTONIO	13	29.3594440	-98.4488890
480290034	SAN ANTONIO	13	29.4152780	-98.4847220
480290035	SAN ANTONIO	13	29.4400000	-98.8247220
480290036	SAN ANTONIO	13	29.5047220	-98.5388890
480290037	SAN ANTONIO	13	29.4375000	-98.5644440
480290038	SAN ANTONIO	13	29.3702780	-98.5458330
480290039	SAN ANTONIO	13	29.4350000	-98.4125000
480290040	SAN ANTONIO	13	29.3619440	-98.4472220
480290041	SAN ANTONIO	13	29.4291670	-98.4938890
480290042	SAN ANTONIO	13	29.3727780	-98.5400000
480290044	SAN ANTONIO	13	29.5188890	-98.4730560
480290045	SAN ANTONIO	13	29.5888890	-98.3583330
480290046	SAN ANTONIO	13	29.4269440	-98.4863890
480290047	SAN ANTONIO	13	29.3166670	-98.4500000
480290048	SAN ANTONIO	13	29.4402780	-98.6125000
480290050	SAN ANTONIO	13	29.5302780	-98.4783330
480290051	SAN ANTONIO	13	29.4450463	-98.4065010
480290052	SAN ANTONIO	13	29.6320582	-98.5649364
480290053	SAN ANTONIO	13	29.5877408	-98.3125118
480290055	SAN ANTONIO	13	29.4072945	-98.4312510
480290059	SAN ANTONIO	13	29.2753812	-98.3116919
480290060	SAN ANTONIO	13	29.4221832	-98.5053810
480290501	SAN ANTONIO	13	29.2766670	-98.7244440
480290502	SAN ANTONIO	13	29.7300000	-98.6255560
480290622	SAN ANTONIO	13	29.3529047	-98.3328207
480290623	SAN ANTONIO	13	29.3319444	-98.3258333
480290625	SAN ANTONIO	13	29.2922222	-98.3377778
480290626	SAN ANTONIO	13	29.3177778	-98.3316667
480290676	SAN ANTONIO	13	29.3327898	-98.5513832
480290677	SAN ANTONIO	13	29.4239439	-98.5804991
480291001	SAN ANTONIO	13	29.4663890	-98.4483330
480291002	SAN ANTONIO	13	29.4736110	-98.4319440
480291052	SAN ANTONIO	13	29.3420000	-98.4720000
480291069	SAN ANTONIO	13	29.5294000	-98.3913900
480291080	SAN ANTONIO	13	29.3529110	-98.3328140
480292001	SAN ANTONIO	13	29.4233330	-98.4986110
480292002	SAN ANTONIO	13	29.6277780	-98.6088890
480370001	TYLER	05	33.4369440	-94.0786110
480370003	TYLER	05	33.4294440	-94.0527780
480370004	TYLER	05	33.4257582	-94.0708021
480370645	TYLER	05	33.5000000	-94.1200000
480371031	TYLER	05	33.4361110	-94.0777800
480390001	HOUSTON	12	29.3952780	-95.2355560
480390618	HOUSTON	12	29.1442910	-95.7566010
480390619	HOUSTON	12	29.3085620	-95.1999100
480391001	HOUSTON	12	28.9938890	-95.3347220
480391002	HOUSTON	12	29.0269440	-95.4083330
480391003	HOUSTON	12	29.0108409	-95.3977440
480391004	HOUSTON	12	29.5204432	-95.3925089
480391012	HOUSTON	12	28.9644300	-95.3548300
480391016	HOUSTON	12	29.0437592	-95.4729462
480391607	HOUSTON	12	29.0105560	-95.3133330
480410001	WACO	09	30.6747220	-96.3708330
480415011	WACO	09	30.5822222	-96.3511111
480430001	EL PASO	06	30.3416670	-103.6583330
480430002	EL PASO	06	30.3658330	-103.6491670
480430101	EL PASO	06	29.3025518	-103.1779076
480490001	ABILENE	03	31.7291670	-99.0166670
480490002	ABILENE	03	31.6794440	-98.9652780
480530322	AUSTIN	11	30.7324069	-98.2365001
480535009	AUSTIN	11	30.7388889	-98.2386111
480550062	AUSTIN	11	29.8880560	-97.8777780
480551604	AUSTIN	11	29.8649170	-97.6649360
480570001	CORPUS CHRISTI	14	28.6750000	-96.5666670
480570657	CORPUS CHRISTI	14	28.4341670	-96.4547220
480610002	HARLINGEN	15	25.8830560	-97.4919440
480610003	HARLINGEN	15	25.9369440	-97.4086110
480610004	HARLINGEN	15	25.9122220	-97.4938890
480610005	HARLINGEN	15	0	0
480610006	HARLINGEN	15	25.8925176	-97.4938295
480611001	HARLINGEN	15	26.0808330	-97.8500000
480611002	HARLINGEN	15	26.2080560	-97.6950000
480611023	HARLINGEN	15	26.2003347	-97.7126837
480612001	HARLINGEN	15	26.2061110	-97.7188890
480612002	HARLINGEN	15	26.1351726	-97.6300394
480612004	HARLINGEN	15	26.0696153	-97.1621996
480613001	HARLINGEN	15	26.0750000	-97.2083330
480614001	HARLINGEN	15	26.1350000	-97.6333330
480650004	AMARILLO	01	35.3359717	-101.5870830
480650005	AMARILLO	01	35.3529795	-101.5806223
480650007	AMARILLO	01	35.3827490	-101.5608419
480651001	AMARILLO	01	35.1825000	-101.6219440
480710001	HOUSTON	12	29.6475000	-94.9161110
480710002	HOUSTON	12	29.8563890	-94.8958330
480710003	HOUSTON	12	29.7677780	-94.6777780
480710004	HOUSTON	12	29.8183330	-94.3777780
480710013	HOUSTON	12	29.5462437	-94.7869686
480710900	HOUSTON	12	29.8788890	-94.9213890
480710901	HOUSTON	12	29.7658330	-94.9102780
480711606	HOUSTON	12	29.5457890	-94.7813860
480850001	DALLAS/FORT WORTH	04	33.1450000	-96.8227780
480850002	DALLAS/FORT WORTH	04	33.1388890	-96.8275000
480850003	DALLAS/FORT WORTH	04	33.1423361	-96.8246832
480850005	DALLAS/FORT WORTH	04	33.1324003	-96.7864188
480850006	DALLAS/FORT WORTH	04	33.1344440	-96.8250000
480850007	DALLAS/FORT WORTH	04	33.1474141	-96.8257693
480850008	DALLAS/FORT WORTH	04	33.1475000	-96.8288890
480850009	DALLAS/FORT WORTH	04	33.1446618	-96.8288087
480850010	DALLAS/FORT WORTH	04	33.3558330	-96.5511110
480850029	DALLAS/FORT WORTH	04	33.1360249	-96.8244725
480850085	DALLAS/FORT WORTH	04	33.2466670	-96.6566670
480910001	SAN ANTONIO	13	29.7002780	-98.1211110
480910002	SAN ANTONIO	13	29.7213890	-98.1269440
480910503	SAN ANTONIO	13	29.7608333	-98.4627778
480910505	SAN ANTONIO	13	29.6391667	-98.2986111
480971504	DALLAS/FORT WORTH	04	33.6331700	-97.1538050
481090001	EL PASO	06	31.0416670	-104.8333330
481090658	EL PASO	06	31.8911110	-104.8061110
481095018	EL PASO	06	31.8311110	-104.8144440
481130001	DALLAS/FORT WORTH	04	0	0
481130002	DALLAS/FORT WORTH	04	32.7444440	-96.8736110
481130003	DALLAS/FORT WORTH	04	32.7719440	-96.8361110
481130004	DALLAS/FORT WORTH	04	32.8138890	-96.8708330
481130005	DALLAS/FORT WORTH	04	32.7736110	-96.9041670
481130008	DALLAS/FORT WORTH	04	32.8361110	-96.8361110
481130011	DALLAS/FORT WORTH	04	32.7736110	-96.7958330
481130012	DALLAS/FORT WORTH	04	32.7861110	-96.8055560
481130018	DALLAS/FORT WORTH	04	32.7449810	-96.7818829
481130020	DALLAS/FORT WORTH	04	32.6922220	-96.7925000
481130023	DALLAS/FORT WORTH	04	32.7805560	-96.8555560
481130027	DALLAS/FORT WORTH	04	32.7361110	-96.6861110
481130028	DALLAS/FORT WORTH	04	32.8638890	-96.7027780
481130029	DALLAS/FORT WORTH	04	32.8650000	-96.8086110
481130035	DALLAS/FORT WORTH	04	32.9166670	-96.7686110
481130036	DALLAS/FORT WORTH	04	32.7722220	-96.7472220
481130038	DALLAS/FORT WORTH	04	32.8069440	-96.6958330
481130039	DALLAS/FORT WORTH	04	32.8722220	-96.8875000
481130040	DALLAS/FORT WORTH	04	32.7194440	-96.8902780
481130042	DALLAS/FORT WORTH	04	32.8166670	-96.7500000
481130044	DALLAS/FORT WORTH	04	32.8258330	-96.8638890
481130045	DALLAS/FORT WORTH	04	32.9197220	-96.8080560
481130046	DALLAS/FORT WORTH	04	32.7702780	-96.7658330
481130047	DALLAS/FORT WORTH	04	32.7850000	-96.7936110
481130048	DALLAS/FORT WORTH	04	32.7736110	-96.9041670
481130049	DALLAS/FORT WORTH	04	32.7836110	-96.8611110
481130050	DALLAS/FORT WORTH	04	32.7742622	-96.7976859
481130051	DALLAS/FORT WORTH	04	32.7847220	-96.8333330
481130052	DALLAS/FORT WORTH	04	32.7194440	-96.8908330
481130053	DALLAS/FORT WORTH	04	32.7833330	-96.7972220
481130055	DALLAS/FORT WORTH	04	32.6163890	-96.7569440
481130056	DALLAS/FORT WORTH	04	32.7352780	-96.7741670
481130057	DALLAS/FORT WORTH	04	32.7791925	-96.8732943
481130058	DALLAS/FORT WORTH	04	32.7797220	-96.8744440
481130059	DALLAS/FORT WORTH	04	32.7755560	-96.8708330
481130060	DALLAS/FORT WORTH	04	32.7361110	-96.7816670
481130061	DALLAS/FORT WORTH	04	32.7853591	-96.8765711
481130063	DALLAS/FORT WORTH	04	32.7738890	-96.8775000
481130064	DALLAS/FORT WORTH	04	32.7377780	-96.7797220
481130065	DALLAS/FORT WORTH	04	32.7375000	-96.7822220
481130066	DALLAS/FORT WORTH	04	32.7397220	-96.7827780
481130067	DALLAS/FORT WORTH	04	32.7797220	-96.8755560
481130068	DALLAS/FORT WORTH	04	32.7691670	-96.8775000
481130069	DALLAS/FORT WORTH	04	32.8200608	-96.8601165
481130070	DALLAS/FORT WORTH	04	32.7647220	-96.9294440
481130071	DALLAS/FORT WORTH	04	32.9216670	-96.9161110
481130072	DALLAS/FORT WORTH	04	32.5888890	-96.9633330
481130073	DALLAS/FORT WORTH	04	32.8097220	-96.8697220
481130075	DALLAS/FORT WORTH	04	32.9192056	-96.8084975
481130086	DALLAS/FORT WORTH	04	32.9861000	-96.7619440
481130087	DALLAS/FORT WORTH	04	32.6764506	-96.8720596
481131001	DALLAS/FORT WORTH	04	32.9155560	-96.6380560
481131002	DALLAS/FORT WORTH	04	32.9266670	-96.6388890
481131003	DALLAS/FORT WORTH	04	0	0
481131004	DALLAS/FORT WORTH	04	32.9838890	-96.6655560
481131005	DALLAS/FORT WORTH	04	0	0
481131006	DALLAS/FORT WORTH	04	32.9105560	-96.6691670
481131047	DALLAS/FORT WORTH	04	32.7736110	-96.5527780
481131067	DALLAS/FORT WORTH	04	32.9211800	-96.7535500
481131500	DALLAS/FORT WORTH	04	32.6300110	-96.8005990
481131505	DALLAS/FORT WORTH	04	32.8791070	-96.9135520
481132001	DALLAS/FORT WORTH	04	32.7580560	-96.9666670
481132002	DALLAS/FORT WORTH	04	32.7416670	-97.0083330
481132003	DALLAS/FORT WORTH	04	32.7422220	-96.9500000
481132004	DALLAS/FORT WORTH	04	32.7205560	-96.9833330
481132005	DALLAS/FORT WORTH	04	32.7433330	-97.0200000
481133001	DALLAS/FORT WORTH	04	32.8561110	-96.9683330
481133002	DALLAS/FORT WORTH	04	32.8233330	-96.9336110
481133003	DALLAS/FORT WORTH	04	32.7693798	-96.5462988
481133004	DALLAS/FORT WORTH	04	32.7106000	-96.8033000
481210001	DALLAS/FORT WORTH	04	33.2166670	-97.1333330
481210002	DALLAS/FORT WORTH	04	33.1861110	-97.1938890
481210033	DALLAS/FORT WORTH	04	33.2061110	-97.1952780
481210034	DALLAS/FORT WORTH	04	33.2190690	-97.1962836
481210054	DALLAS/FORT WORTH	04	33.0719440	-96.8613890
481211001	DALLAS/FORT WORTH	04	33.0644440	-97.0058330
481211007	DALLAS/FORT WORTH	04	33.0458619	-97.1300022
481211013	DALLAS/FORT WORTH	04	33.1309300	-97.2976500
481211032	DALLAS/FORT WORTH	04	33.4106476	-96.9445903
481215008	DALLAS/FORT WORTH	04	33.2061110	-97.1988890
481231602	CORPUS CHRISTI	14	29.1347790	-97.2765750
481350001	MIDLAND	07	31.8733330	-102.3458330
481350002	MIDLAND	07	31.8722220	-102.3525000
481350003	MIDLAND	07	31.8365747	-102.3420368
481350004	MIDLAND	07	31.8263890	-102.3083330
481351014	MIDLAND	07	31.8702534	-102.3347563
481390001	DALLAS/FORT WORTH	04	32.4838890	-96.9944440
481390002	DALLAS/FORT WORTH	04	32.4358330	-96.6713890
481390003	DALLAS/FORT WORTH	04	32.3883330	-96.8472220
481390004	DALLAS/FORT WORTH	04	32.4980560	-97.0030560
481390006	DALLAS/FORT WORTH	04	32.5433330	-96.9266670
481390007	DALLAS/FORT WORTH	04	32.5316670	-96.9913890
481390008	DALLAS/FORT WORTH	04	32.4297220	-97.0177780
481390011	DALLAS/FORT WORTH	04	32.4813890	-96.9413890
481390012	DALLAS/FORT WORTH	04	32.4622220	-97.0372220
481390013	DALLAS/FORT WORTH	04	32.5013890	-97.0161110
481390014	DALLAS/FORT WORTH	04	32.5461110	-96.9552780
481390015	DALLAS/FORT WORTH	04	32.4366670	-97.0244440
481390016	DALLAS/FORT WORTH	04	32.4820829	-97.0268987
481390017	DALLAS/FORT WORTH	04	32.4736110	-97.0425000
481390082	DALLAS/FORT WORTH	04	32.3261110	-96.6636110
481390084	DALLAS/FORT WORTH	04	32.4613890	-97.0055560
481390650	DALLAS/FORT WORTH	04	32.1783330	-96.8780560
481391002	DALLAS/FORT WORTH	04	32.3875000	-96.8472220
481391044	DALLAS/FORT WORTH	04	32.1754166	-96.8701892
481410001	EL PASO	06	31.7608330	-106.4833330
481410002	EL PASO	06	31.7576535	-106.4829215
481410003	EL PASO	06	31.8375000	-106.5791670
481410004	EL PASO	06	31.5886110	-106.2286110
481410005	EL PASO	06	31.9972220	-106.5975000
481410006	EL PASO	06	31.6883330	-106.2075000
481410007	EL PASO	06	31.8322220	-106.5333330
481410008	EL PASO	06	31.7944440	-106.5138890
481410010	EL PASO	06	31.8997220	-106.4125000
481410011	EL PASO	06	31.7986110	-106.4000000
481410012	EL PASO	06	31.7916670	-106.3541670
481410013	EL PASO	06	31.8083330	-106.2361110
481410015	EL PASO	06	31.7388890	-106.3611110
481410016	EL PASO	06	31.7733330	-106.4077780
481410017	EL PASO	06	31.7597220	-106.4111110
481410018	EL PASO	06	31.7666670	-106.4388890
481410019	EL PASO	06	31.7875000	-106.4541670
481410020	EL PASO	06	31.8555560	-106.4461110
481410021	EL PASO	06	31.7269440	-106.3708330
481410022	EL PASO	06	31.7833330	-106.5250000
481410023	EL PASO	06	31.7438890	-106.5036110
481410024	EL PASO	06	31.7875000	-106.4708330
481410025	EL PASO	06	31.8441670	-106.5916670
481410027	EL PASO	06	31.7630560	-106.4866670
481410028	EL PASO	06	31.7516670	-106.4111110
481410029	EL PASO	06	31.7857687	-106.3235781
481410030	EL PASO	06	31.6786110	-106.3152780
481410031	EL PASO	06	31.7833330	-106.5230560
481410033	EL PASO	06	31.7772059	-106.5017115
481410036	EL PASO	06	31.8530560	-106.5925000
481410037	EL PASO	06	31.7682914	-106.5012595
481410038	EL PASO	06	31.7338000	-106.3721000
481410039	EL PASO	06	31.8077780	-106.5472220
481410040	EL PASO	06	31.7850000	-106.5011110
481410041	EL PASO	06	31.7605000	-106.5004000
481410042	EL PASO	06	31.7947220	-106.5075000
481410043	EL PASO	06	31.6522220	-106.2911110
481410044	EL PASO	06	31.7656854	-106.4552272
481410045	EL PASO	06	31.8466670	-106.5883330
481410047	EL PASO	06	31.7759422	-106.4131769
481410050	EL PASO	06	31.6727780	-106.2841670
481410051	EL PASO	06	31.8019440	-106.4205560
481410053	EL PASO	06	31.7585317	-106.5010446
481410054	EL PASO	06	31.7038461	-106.3560220
481410055	EL PASO	06	31.7467753	-106.4028059
481410057	EL PASO	06	31.6675000	-106.2880000
481410058	EL PASO	06	31.8939133	-106.4258270
481410059	EL PASO	06	31.8146081	-106.4641860
481410101	EL PASO	06	0	0
481410102	EL PASO	06	0	0
481410693	EL PASO	06	31.8133700	-106.4645200
481411002	EL PASO	06	31.8822220	-106.5827780
481411011	EL PASO	06	31.7584760	-106.4073460
481411021	EL PASO	06	31.8624700	-106.5473000
481490001	AUSTIN	11	29.9624745	-96.7458748
481570001	HOUSTON	12	29.5372220	-95.6355560
481570002	HOUSTON	12	29.4750000	-95.7897220
481570003	HOUSTON	12	29.4150000	-95.6527780
481570004	HOUSTON	12	29.5650000	-95.7988890
481570696	HOUSTON	12	29.5741000	-95.6497000
481670001	HOUSTON	12	29.4666670	-95.0583330
481670002	HOUSTON	12	29.3166670	-94.8000000
481670003	HOUSTON	12	29.2769440	-94.8208330
481670004	HOUSTON	12	29.3844440	-94.9308330
481670005	HOUSTON	12	29.3852338	-94.9315197
481670012	HOUSTON	12	29.3638890	-94.9486110
481670013	HOUSTON	12	29.3355560	-94.9297220
481670014	HOUSTON	12	29.2633190	-94.8565681
481670024	HOUSTON	12	29.3638890	-94.9500000
481670025	HOUSTON	12	29.5458330	-95.0263890
481670026	HOUSTON	12	29.5097220	-95.1000000
481670031	HOUSTON	12	29.3833330	-94.9000000
481670035	HOUSTON	12	29.3708330	-94.9500000
481670042	HOUSTON	12	29.3652780	-94.9791670
481670043	HOUSTON	12	29.3836110	-94.9819440
481670044	HOUSTON	12	29.3805560	-94.9625000
481670045	HOUSTON	12	29.3972220	-94.9486110
481670046	HOUSTON	12	29.4083330	-94.9083330
481670047	HOUSTON	12	29.2833330	-94.8236110
481670050	HOUSTON	12	29.3391670	-94.8091670
481670051	HOUSTON	12	29.3958330	-94.9866670
481670053	HOUSTON	12	29.3900000	-94.9194440
481670056	HOUSTON	12	29.4057000	-94.9471200
481670571	HOUSTON	12	29.5255560	-95.0705560
481670615	HOUSTON	12	29.3814500	-94.9410800
481670616	HOUSTON	12	29.3688600	-94.9154400
481670621	HOUSTON	12	29.3809810	-94.9302200
481670683	HOUSTON	12	29.3787000	-94.9101900
481670697	HOUSTON	12	29.3879000	-95.0414000
481671001	HOUSTON	12	29.5305560	-95.1986110
481671002	HOUSTON	12	29.3977780	-94.9333330
481671003	HOUSTON	12	29.3888890	-94.9041670
481671005	HOUSTON	12	29.5038890	-95.1044440
481671011	HOUSTON	12	29.3836110	-94.9180560
481671034	HOUSTON	12	29.2544736	-94.8612886
481671043	HOUSTON	12	29.3819440	-94.9819440
481672001	HOUSTON	12	29.3000000	-94.7958330
481673001	HOUSTON	12	29.3583330	-95.0000000
481674001	HOUSTON	12	29.5250000	-95.0694440
481675001	HOUSTON	12	29.4050000	-94.9208330
481675005	HOUSTON	12	29.2702780	-94.8641670
481750624	CORPUS CHRISTI	14	28.7209260	-97.2208820
481790001	AMARILLO	01	35.5525000	-100.9583330
481810001	DALLAS/FORT WORTH	04	33.7569440	-96.5352780
481810002	DALLAS/FORT WORTH	04	33.6416670	-96.6111110
481810003	DALLAS/FORT WORTH	04	33.6352780	-96.6152780
481830001	TYLER	05	32.3786823	-94.7118107
481830002	TYLER	05	32.6177780	-94.7788890
481870504	SAN ANTONIO	13	29.7041667	-98.0288889
481870506	SAN ANTONIO	13	29.5886110	-97.9322220
481875004	SAN ANTONIO	13	29.7086111	-98.0452778
481890001	LUBBOCK	02	34.1808330	-101.7363890
481990002	BEAUMONT	10	30.3813890	-94.3155560
482010001	HOUSTON	12	29.7230560	-94.9458330
482010002	HOUSTON	12	29.7494440	-94.9805560
482010003	HOUSTON	12	29.7730560	-95.0291670
482010004	HOUSTON	12	29.7702780	-95.0119440
482010005	HOUSTON	12	30.0519440	-95.4308330
482010006	HOUSTON	12	29.7911110	-95.1241670
482010007	HOUSTON	12	29.7208330	-95.3838890
482010008	HOUSTON	12	29.7000000	-95.4400000
482010009	HOUSTON	12	29.7100000	-95.5119440
482010010	HOUSTON	12	29.7408330	-95.4391670
482010011	HOUSTON	12	29.8200000	-95.4838890
482010012	HOUSTON	12	29.8561110	-95.3816670
482010013	HOUSTON	12	29.8272220	-95.2847220
482010014	HOUSTON	12	29.7747220	-95.2822220
482010015	HOUSTON	12	29.7694440	-95.2038890
482010016	HOUSTON	12	29.7777780	-95.1875000
482010017	HOUSTON	12	29.7330560	-95.2130560
482010018	HOUSTON	12	29.7472220	-95.1750000
482010019	HOUSTON	12	29.7458330	-95.2027780
482010020	HOUSTON	12	29.7519440	-95.1030560
482010021	HOUSTON	12	29.7202780	-95.2750000
482010023	HOUSTON	12	29.7250000	-95.0527780
482010024	HOUSTON	12	29.9010364	-95.3261373
482010025	HOUSTON	12	29.7486110	-95.1644440
482010026	HOUSTON	12	29.8027073	-95.1254948
482010029	HOUSTON	12	30.0395240	-95.6739508
482010030	HOUSTON	12	29.8542881	-95.1287108
482010031	HOUSTON	12	29.7786110	-95.1713890
482010036	HOUSTON	12	29.7761000	-95.1051000
482010038	HOUSTON	12	29.8377780	-95.2855560
482010039	HOUSTON	12	29.6125000	-95.2791670
482010040	HOUSTON	12	29.7330560	-95.5238890
482010041	HOUSTON	12	29.8013890	-95.4375000
482010042	HOUSTON	12	29.6341670	-95.2288890
482010043	HOUSTON	12	29.6377780	-95.3552780
482010044	HOUSTON	12	29.6972220	-95.4386110
482010045	HOUSTON	12	29.8344440	-95.4938890
482010046	HOUSTON	12	29.8280859	-95.2840958
482010047	HOUSTON	12	29.8341670	-95.4891670
482010048	HOUSTON	12	29.8566670	-95.3827780
482010049	HOUSTON	12	29.7758330	-95.3069440
482010050	HOUSTON	12	29.7725000	-95.2052780
482010051	HOUSTON	12	29.6238890	-95.4741670
482010052	HOUSTON	12	29.7275000	-95.2763890
482010053	HOUSTON	12	29.7872220	-95.1916670
482010054	HOUSTON	12	29.7758330	-95.3075000
482010055	HOUSTON	12	29.6957294	-95.4992190
482010056	HOUSTON	12	29.7769440	-95.3358330
482010057	HOUSTON	12	29.7342310	-95.2384690
482010058	HOUSTON	12	29.7706975	-95.0312316
482010059	HOUSTON	12	29.7058330	-95.2811110
482010060	HOUSTON	12	29.8074146	-95.2936223
482010061	HOUSTON	12	29.6150008	-95.0181324
482010062	HOUSTON	12	29.6255560	-95.2672220
482010063	HOUSTON	12	29.7250000	-95.3500000
482010064	HOUSTON	12	29.6994440	-95.2688890
482010066	HOUSTON	12	29.7233330	-95.6358330
482010068	HOUSTON	12	29.9475484	-95.5428231
482010069	HOUSTON	12	29.7062492	-95.2611301
482010070	HOUSTON	12	29.7351200	-95.3156000
482010071	HOUSTON	12	29.7164829	-95.2013298
482010075	HOUSTON	12	29.7527780	-95.3502780
482010101	HOUSTON	12	0	0
482010307	HOUSTON	12	29.7187990	-95.2599093
482010416	HOUSTON	12	29.6863890	-95.2947220
482010551	HOUSTON	12	29.8586111	-95.1602778
482010552	HOUSTON	12	29.7330556	-94.9847222
482010553	HOUSTON	12	29.9208333	-95.0683333
482010554	HOUSTON	12	29.8330556	-95.6569444
482010555	HOUSTON	12	30.0547222	-95.1850000
482010556	HOUSTON	12	29.6552778	-95.0097222
482010557	HOUSTON	12	30.0380556	-95.3811111
482010558	HOUSTON	12	29.5894444	-95.3536111
482010559	HOUSTON	12	29.8105556	-95.8061111
482010560	HOUSTON	12	29.9619440	-95.2350000
482010561	HOUSTON	12	30.0116670	-95.5225000
482010562	HOUSTON	12	29.7783330	-95.5380560
482010563	HOUSTON	12	30.0578600	-95.0614700
482010570	HOUSTON	12	29.5488889	-95.1852778
482010572	HOUSTON	12	29.5833330	-95.1050000
482010617	HOUSTON	12	29.8213890	-94.9900000
482010669	HOUSTON	12	29.6947220	-95.2527780
482010670	HOUSTON	12	29.7019440	-95.2572220
482010671	HOUSTON	12	29.7061110	-95.2550000
482010672	HOUSTON	12	29.6891592	-95.2038208
482010673	HOUSTON	12	29.7023000	-95.2566970
482010688	HOUSTON	12	&nbsp;	&nbsp;
482010695	HOUSTON	12	29.7176000	-95.3414000
482010803	HOUSTON	12	29.7647877	-95.1785379
482010804	HOUSTON	12	29.8347220	-95.1319440
482010807	HOUSTON	12	29.7688890	-95.0175000
482010808	HOUSTON	12	29.6461110	-95.0563890
482011001	HOUSTON	12	29.6980560	-95.1238890
482011002	HOUSTON	12	29.7283330	-95.1205560
482011003	HOUSTON	12	29.6791670	-95.1308330
482011004	HOUSTON	12	29.9366670	-95.6538890
482011005	HOUSTON	12	29.6375000	-95.3552780
482011006	HOUSTON	12	29.7227780	-95.3458330
482011008	HOUSTON	12	29.6700000	-95.1936110
482011015	HOUSTON	12	29.7616528	-95.0813861
482011017	HOUSTON	12	29.8233190	-94.9837860
482011018	HOUSTON	12	29.7750000	-95.3083330
482011024	HOUSTON	12	29.7730560	-95.6100000
482011025	HOUSTON	12	29.6469440	-95.4825000
482011026	HOUSTON	12	29.8302780	-95.4402780
482011027	HOUSTON	12	29.6555560	-95.2805560
482011028	HOUSTON	12	29.7183330	-95.1872220
482011029	HOUSTON	12	29.6252780	-95.1986110
482011034	HOUSTON	12	29.7679965	-95.2205822
482011035	HOUSTON	12	29.7337263	-95.2575931
482011037	HOUSTON	12	29.7511110	-95.3616670
482011039	HOUSTON	12	29.6700250	-95.1285077
482011040	HOUSTON	12	29.6130560	-95.1733330
482011041	HOUSTON	12	29.7519440	-95.0833330
482011042	HOUSTON	12	30.0584604	-95.1897514
482011043	HOUSTON	12	29.6720000	-95.0647000
482011049	HOUSTON	12	29.7166110	-95.2224669
482011050	HOUSTON	12	29.5830473	-95.0155437
482011052	HOUSTON	12	29.8145300	-95.3876900
482011054	HOUSTON	12	29.8853560	-95.3523830
482011066	HOUSTON	12	29.7216000	-95.4926500
482012001	HOUSTON	12	29.7316670	-95.2405560
482012002	HOUSTON	12	29.7344440	-95.2386110
482012003	HOUSTON	12	29.6986110	-95.5677780
482012004	HOUSTON	12	29.6369440	-95.2283330
482012005	HOUSTON	12	29.6977780	-95.2183330
482012006	HOUSTON	12	29.6538890	-95.1180560
482013001	HOUSTON	12	29.7605560	-95.3702780
482013002	HOUSTON	12	29.7563890	-95.3702780
482013003	HOUSTON	12	29.7205560	-95.2838890
482014001	HOUSTON	12	29.7694440	-95.2450000
482014002	HOUSTON	12	29.6594440	-95.0158330
482014003	HOUSTON	12	29.7166670	-95.2000000
482015001	HOUSTON	12	29.6630560	-95.0250000
482015002	HOUSTON	12	29.7130560	-95.2125000
482016000	HOUSTON	12	29.6843603	-95.2535982
482016001	HOUSTON	12	0	0
482017001	HOUSTON	12	29.5719440	-95.0166670
482018001	HOUSTON	12	29.6655560	-95.2388890
482019001	HOUSTON	12	30.0919440	-95.6219440
482030002	TYLER	05	32.6689873	-94.1674569
482030003	TYLER	05	32.4211110	-94.0638890
482031079	TYLER	05	32.4702000	-94.4815000
482090001	AUSTIN	11	29.8791670	-97.9333330
482090002	AUSTIN	11	29.8813890	-97.9333330
482090614	AUSTIN	11	30.2146162	-98.0833473
482090675	AUSTIN	11	29.8908330	-97.9483330
482091675	AUSTIN	11	29.8622810	-97.9288560
482150001	HARLINGEN	15	26.2058330	-98.2416670
482150002	HARLINGEN	15	26.0888890	-97.9666670
482150003	HARLINGEN	15	26.0836110	-98.0583330
482150004	HARLINGEN	15	26.3833330	-97.9000000
482150042	HARLINGEN	15	26.3098580	-98.1831011
482150043	HARLINGEN	15	26.2262097	-98.2910690
482151001	HARLINGEN	15	26.1652780	-97.9583330
482151003	HARLINGEN	15	26.2175000	-98.2358330
482151046	HARLINGEN	15	26.2886220	-98.1520660
482151048	HARLINGEN	15	26.1310725	-97.9372883
482210001	DALLAS/FORT WORTH	04	32.4423044	-97.8035291
482270001	MIDLAND	07	32.2480560	-101.4666670
482270002	MIDLAND	07	32.2513890	-101.4769440
482271072	MIDLAND	07	32.2802780	-101.4072220
482311006	DALLAS/FORT WORTH	04	33.1530882	-96.1155717
482331073	AMARILLO	01	35.6762000	-101.4401000
482430001	EL PASO	06	30.5833330	-103.8833330
482430002	EL PASO	06	30.6666670	-104.0083330
482430003	EL PASO	06	30.6666670	-104.0083330
482430004	EL PASO	06	30.6693621	-104.0246568
482450001	BEAUMONT	10	30.0583330	-94.0933330
482450002	BEAUMONT	10	29.9916670	-93.9583330
482450003	BEAUMONT	10	29.9541670	-94.0166670
482450004	BEAUMONT	10	30.0647220	-94.0458330
482450005	BEAUMONT	10	30.0980560	-94.0958330
482450006	BEAUMONT	10	29.8702780	-93.9344440
482450007	BEAUMONT	10	30.1316670	-94.1758330
482450008	BEAUMONT	10	30.0416670	-94.0791670
482450009	BEAUMONT	10	30.0364221	-94.0710606
482450010	BEAUMONT	10	29.7180560	-93.8969440
482450011	BEAUMONT	10	29.8975163	-93.9910842
482450014	BEAUMONT	10	29.9611242	-93.8959280
482450017	BEAUMONT	10	29.9825311	-93.9528657
482450018	BEAUMONT	10	29.9427981	-94.0007700
482450019	BEAUMONT	10	29.8938491	-93.9792618
482450020	BEAUMONT	10	30.0660458	-94.0773862
482450021	BEAUMONT	10	29.9228943	-93.9090184
482450022	BEAUMONT	10	29.8639574	-94.3178017
482450101	BEAUMONT	10	29.7279314	-93.8940805
482450102	BEAUMONT	10	29.9427514	-94.0006841
482450628	BEAUMONT	10	29.8677560	-93.9511630
482451001	BEAUMONT	10	29.9666670	-93.9250000
482451004	BEAUMONT	10	29.9583330	-93.9166670
482451005	BEAUMONT	10	29.8958330	-93.9791670
482451006	BEAUMONT	10	29.9830560	-93.9458330
482451008	BEAUMONT	10	29.9291670	-93.8791670
482451009	BEAUMONT	10	29.9094440	-93.9433330
482451010	BEAUMONT	10	30.0969440	-94.0955560
482451035	BEAUMONT	10	29.9789255	-94.0108717
482451050	BEAUMONT	10	30.0671163	-94.0909236
482451071	BEAUMONT	10	29.8485500	-93.9621940
482452001	BEAUMONT	10	29.8333330	-94.3375000
482452003	BEAUMONT	10	29.9708330	-93.9291670
482452004	BEAUMONT	10	29.9430560	-94.0027780
482452005	BEAUMONT	10	29.9458330	-93.9458330
482453001	BEAUMONT	10	29.9144440	-93.9411110
482453004	BEAUMONT	10	29.8375000	-93.9583330
482454004	BEAUMONT	10	29.9655560	-93.9538890
482510001	DALLAS/FORT WORTH	04	32.2516670	-97.5477780
482510002	DALLAS/FORT WORTH	04	32.3872220	-97.4033330
482510003	DALLAS/FORT WORTH	04	32.3535945	-97.4367419
482511008	DALLAS/FORT WORTH	04	32.4697010	-97.1692710
482511063	DALLAS/FORT WORTH	04	32.5418000	-97.1175000
482511501	DALLAS/FORT WORTH	04	32.4818210	-97.5267590
482530001	ABILENE	03	32.9425000	-99.7994440
482551070	SAN ANTONIO	13	28.8854810	-97.9017420
482570001	DALLAS/FORT WORTH	04	32.7605560	-96.3116670
482570002	DALLAS/FORT WORTH	04	32.7250000	-96.3188890
482570003	DALLAS/FORT WORTH	04	32.7244440	-96.2766670
482570005	DALLAS/FORT WORTH	04	32.5649684	-96.3176873
482570020	DALLAS/FORT WORTH	04	32.7319190	-96.3179110
482730314	CORPUS CHRISTI	14	27.4269813	-97.2986922
482850649	CORPUS CHRISTI	14	29.4472220	-96.9325000
482910089	HOUSTON	12	30.0861110	-94.7830560
482910699	HOUSTON	12	30.0583000	-94.9781000
483030001	LUBBOCK	02	33.5908510	-101.8475940
483030002	LUBBOCK	02	33.5725000	-101.8666670
483030003	LUBBOCK	02	33.5480560	-101.9177780
483030004	LUBBOCK	02	33.5080560	-102.0083330
483030005	LUBBOCK	02	33.5480560	-101.8472220
483030006	LUBBOCK	02	33.5672220	-101.9041670
483030008	LUBBOCK	02	33.5805560	-101.9388890
483030009	LUBBOCK	02	33.5805560	-101.9388890
483030010	LUBBOCK	02	33.5419440	-101.8663890
483030011	LUBBOCK	02	33.5783330	-101.8675000
483030012	LUBBOCK	02	33.5827780	-101.8416670
483030013	LUBBOCK	02	33.5802780	-101.7972220
483030014	LUBBOCK	02	33.6066670	-101.8847220
483030015	LUBBOCK	02	33.6116670	-101.8508330
483030017	LUBBOCK	02	33.6594440	-101.8194440
483030020	LUBBOCK	02	33.5283330	-101.8563890
483030021	LUBBOCK	02	33.5886110	-101.8083330
483030023	LUBBOCK	02	33.6191670	-101.8708330
483030025	LUBBOCK	02	33.5105560	-102.0044440
483030325	LUBBOCK	02	33.5907784	-101.8504183
483031001	LUBBOCK	02	33.6625000	-101.6833330
483031002	LUBBOCK	02	33.4333330	-101.6375000
483031003	LUBBOCK	02	33.6900000	-101.9916670
483031028	LUBBOCK	02	33.5855300	-101.7869800
483090001	WACO	09	31.5569440	-97.1222220
483090007	WACO	09	31.5480560	-97.1638890
483090008	WACO	09	31.5588890	-97.1322220
483091002	WACO	09	31.5205560	-97.2005560
483091037	WACO	09	31.6530743	-97.0706982
483095010	WACO	09	31.6113890	-97.2305560
483110001	LAREDO	16	28.4619440	-98.5486110
483150050	TYLER	05	32.7427780	-94.3033330
483210001	HOUSTON	12	28.6852780	-95.9733330
483230003	LAREDO	16	28.6833330	-100.5000000
483230004	LAREDO	16	28.7046070	-100.4511555
483290001	MIDLAND	07	32.0063890	-102.0708330
483290002	MIDLAND	07	31.9977780	-102.0741670
483311075	WACO	09	30.5694440	-97.0761110
483371507	ABILENE	03	33.5589600	-97.8296580
483390001	HOUSTON	12	30.3211110	-95.4833330
483390078	HOUSTON	12	30.3503017	-95.4251278
483390088	HOUSTON	12	30.3380560	-95.4522220
483390089	HOUSTON	12	30.3538890	-95.4216670
483390698	HOUSTON	12	30.2362000	-95.4832000
483395006	HOUSTON	12	30.3566670	-95.4138890
483410001	AMARILLO	01	35.8602780	-101.9636110
483430001	TYLER	05	32.9186110	-94.7102780
483430002	TYLER	05	32.9388890	-94.7138890
483470001	BEAUMONT	10	31.6280560	-94.6472220
483470002	BEAUMONT	10	31.5775000	-94.6750000
483490001	DALLAS/FORT WORTH	04	32.0919440	-96.4663890
483491051	DALLAS/FORT WORTH	04	32.0319335	-96.3991408
483491081	DALLAS/FORT WORTH	04	31.9041000	-96.3520000
483495014	DALLAS/FORT WORTH	04	32.0280560	-96.4005560
483510639	BEAUMONT	10	30.8847222	-93.7419444
483550001	CORPUS CHRISTI	14	27.7772220	-97.4236110
483550002	CORPUS CHRISTI	14	27.8338890	-97.5394440
483550003	CORPUS CHRISTI	14	27.7377780	-97.3875000
483550004	CORPUS CHRISTI	14	27.8188890	-97.4555560
483550005	CORPUS CHRISTI	14	27.7747220	-97.5013890
483550006	CORPUS CHRISTI	14	27.7041670	-97.3916670
483550007	CORPUS CHRISTI	14	27.7277780	-97.4138890
483550008	CORPUS CHRISTI	14	27.7666670	-97.3958330
483550009	CORPUS CHRISTI	14	27.7880560	-97.3977780
483550010	CORPUS CHRISTI	14	27.7977780	-97.3938890
483550011	CORPUS CHRISTI	14	27.7597220	-97.4319440
483550012	CORPUS CHRISTI	14	27.7966670	-97.4269440
483550013	CORPUS CHRISTI	14	27.8147220	-97.3958330
483550014	CORPUS CHRISTI	14	27.6613890	-97.2694440
483550015	CORPUS CHRISTI	14	27.8197220	-97.5472220
483550016	CORPUS CHRISTI	14	27.8208330	-97.4347220
483550017	CORPUS CHRISTI	14	27.8250000	-97.4291670
483550019	CORPUS CHRISTI	14	27.7894440	-97.4333330
483550020	CORPUS CHRISTI	14	27.8069440	-97.4541670
483550021	CORPUS CHRISTI	14	27.7577780	-97.4286110
483550022	CORPUS CHRISTI	14	27.8338890	-97.5525000
483550023	CORPUS CHRISTI	14	27.8247220	-97.4455560
483550024	CORPUS CHRISTI	14	27.8472220	-97.5875000
483550025	CORPUS CHRISTI	14	27.7653399	-97.4342619
483550026	CORPUS CHRISTI	14	27.8324089	-97.5553798
483550029	CORPUS CHRISTI	14	27.8075444	-97.4192580
483550030	CORPUS CHRISTI	14	27.8077780	-97.4344440
483550032	CORPUS CHRISTI	14	27.8045054	-97.4315816
483550034	CORPUS CHRISTI	14	27.8118166	-97.4657031
483550035	CORPUS CHRISTI	14	27.7988890	-97.4338890
483550036	CORPUS CHRISTI	14	27.8175000	-97.4197222
483550037	CORPUS CHRISTI	14	27.8244444	-97.4325000
483550038	CORPUS CHRISTI	14	27.8452778	-97.5255556
483550039	CORPUS CHRISTI	14	27.8272222	-97.5288889
483550041	CORPUS CHRISTI	14	27.8291667	-97.5436111
483550083	CORPUS CHRISTI	14	27.8028877	-97.4198783
483550660	CORPUS CHRISTI	14	27.7030560	-97.3875000
483550664	CORPUS CHRISTI	14	27.7577780	-97.6194440
483551024	CORPUS CHRISTI	14	27.8038056	-97.4137626
483610001	BEAUMONT	10	30.0966670	-93.7361110
483610002	BEAUMONT	10	30.0966670	-93.7361110
483611001	BEAUMONT	10	30.0852629	-93.7613411
483611083	BEAUMONT	10	30.1536750	-93.7258970
483611100	BEAUMONT	10	30.1945576	-93.8672365
483631502	DALLAS/FORT WORTH	04	32.8186710	-98.0916410
483650627	TYLER	05	32.3555560	-94.0516670
483670080	DALLAS/FORT WORTH	04	32.7611110	-97.8319440
483670081	DALLAS/FORT WORTH	04	32.8687727	-97.9059308
483671506	DALLAS/FORT WORTH	04	32.7586550	-97.7302850
483739001	BEAUMONT	10	30.7016670	-94.6738890
483750001	AMARILLO	01	35.2147220	-101.8583330
483750002	AMARILLO	01	35.2127780	-101.8608330
483750003	AMARILLO	01	35.2133330	-101.7119440
483750004	AMARILLO	01	35.2100000	-101.8402780
483750005	AMARILLO	01	35.2094440	-101.8319440
483750024	AMARILLO	01	35.2802728	-101.7156402
483750320	AMARILLO	01	35.2015922	-101.9092746
483751025	AMARILLO	01	35.2367360	-101.7874050
483751077	AMARILLO	01	35.3165000	-101.7418000
483870648	TYLER	05	33.6197220	-95.0600000
483951076	WACO	09	31.1688890	-96.4819440
483970001	DALLAS/FORT WORTH	04	32.9365230	-96.4592108
483970081	DALLAS/FORT WORTH	04	32.9430560	-96.3694440
484050646	BEAUMONT	10	31.5394440	-94.1702780
484090001	CORPUS CHRISTI	14	27.9236110	-97.2916670
484090002	CORPUS CHRISTI	14	27.9405560	-97.5888890
484090659	CORPUS CHRISTI	14	27.8866670	-97.1486110
484090685	CORPUS CHRISTI	14	27.9016670	-97.2491670
484090686	CORPUS CHRISTI	14	27.9247220	-97.5380560
484090687	CORPUS CHRISTI	14	27.9233330	-97.4086110
484110653	WACO	09	31.1872220	-98.7119440
484150001	ABILENE	03	32.7066670	-100.9105560
484230001	TYLER	05	32.3558330	-95.3075000
484230002	TYLER	05	32.3525000	-95.3000000
484230003	TYLER	05	32.3513890	-95.3263890
484230004	TYLER	05	32.3580560	-95.4097220
484230005	TYLER	05	32.4922220	-95.1833330
484230006	TYLER	05	32.3386110	-95.2655560
484230007	TYLER	05	32.3440079	-95.4157515
484390001	DALLAS/FORT WORTH	04	32.7030560	-97.0966670
484390002	DALLAS/FORT WORTH	04	32.7366670	-97.1158330
484390003	DALLAS/FORT WORTH	04	32.7563890	-97.1358330
484390004	DALLAS/FORT WORTH	04	32.7500000	-97.0538890
484390005	DALLAS/FORT WORTH	04	32.6638890	-97.1000000
484390006	DALLAS/FORT WORTH	04	32.8030560	-97.3833330
484390007	DALLAS/FORT WORTH	04	32.7986110	-97.3319440
484390008	DALLAS/FORT WORTH	04	32.7797220	-97.2950000
484390009	DALLAS/FORT WORTH	04	32.7352780	-97.4122220
484390010	DALLAS/FORT WORTH	04	32.7458330	-97.2616670
484390011	DALLAS/FORT WORTH	04	32.7341670	-97.2180560
484390012	DALLAS/FORT WORTH	04	32.7283330	-97.2755560
484390013	DALLAS/FORT WORTH	04	32.6986110	-97.2505560
484390014	DALLAS/FORT WORTH	04	32.6950000	-97.2800000
484390015	DALLAS/FORT WORTH	04	32.7261110	-97.3327780
484390016	DALLAS/FORT WORTH	04	32.6763890	-97.3225000
484390017	DALLAS/FORT WORTH	04	32.6577780	-97.3950000
484390018	DALLAS/FORT WORTH	04	32.7380560	-97.3505560
484390019	DALLAS/FORT WORTH	04	32.7347220	-97.4555560
484390020	DALLAS/FORT WORTH	04	32.7283330	-97.4127780
484390021	DALLAS/FORT WORTH	04	32.7161110	-97.3350000
484390022	DALLAS/FORT WORTH	04	32.7550000	-97.3297220
484390023	DALLAS/FORT WORTH	04	32.6952780	-97.3219440
484390024	DALLAS/FORT WORTH	04	32.8033330	-97.3833330
484390025	DALLAS/FORT WORTH	04	32.7250000	-97.4527780
484390026	DALLAS/FORT WORTH	04	32.7327780	-97.2791670
484390029	DALLAS/FORT WORTH	04	32.8313890	-97.0638890
484390057	DALLAS/FORT WORTH	04	32.7069440	-97.0936110
484390060	DALLAS/FORT WORTH	04	32.7280560	-97.4127780
484390061	DALLAS/FORT WORTH	04	32.7986110	-97.3319440
484390062	DALLAS/FORT WORTH	04	32.7361110	-97.3538890
484390063	DALLAS/FORT WORTH	04	32.7416670	-97.4688890
484390066	DALLAS/FORT WORTH	04	32.7338890	-97.2180560
484390067	DALLAS/FORT WORTH	04	32.6763890	-97.3225000
484390068	DALLAS/FORT WORTH	04	32.7380560	-97.3505560
484390069	DALLAS/FORT WORTH	04	32.7347220	-97.4555560
484390070	DALLAS/FORT WORTH	04	32.6755560	-97.3230560
484390075	DALLAS/FORT WORTH	04	32.9878908	-97.4771754
484390089	DALLAS/FORT WORTH	04	32.7004830	-97.3080130
484390097	DALLAS/FORT WORTH	04	32.7029900	-97.3100010
484391001	DALLAS/FORT WORTH	04	32.8413890	-97.0980560
484391002	DALLAS/FORT WORTH	04	32.8058183	-97.3565675
484391003	DALLAS/FORT WORTH	04	32.7597220	-97.3280560
484391004	DALLAS/FORT WORTH	04	32.7575000	-97.3605560
484391005	DALLAS/FORT WORTH	04	32.7733330	-97.3458330
484391006	DALLAS/FORT WORTH	04	32.7591432	-97.3423337
484391009	DALLAS/FORT WORTH	04	32.6211360	-97.2903530
484391018	DALLAS/FORT WORTH	04	32.7261110	-97.1083330
484391053	DALLAS/FORT WORTH	04	32.6647220	-97.3380560
484391062	DALLAS/FORT WORTH	04	32.6588890	-97.2002780
484391065	DALLAS/FORT WORTH	04	32.6724056	-97.2911778
484391503	DALLAS/FORT WORTH	04	32.6467110	-97.4426580
484392001	DALLAS/FORT WORTH	04	32.7502780	-97.3336110
484392002	DALLAS/FORT WORTH	04	32.9441670	-97.3533330
484392003	DALLAS/FORT WORTH	04	32.9224736	-97.2820880
484393001	DALLAS/FORT WORTH	04	32.9505560	-97.0555560
484393002	DALLAS/FORT WORTH	04	32.9436110	-97.0697220
484393004	DALLAS/FORT WORTH	04	32.9236110	-97.0438890
484393005	DALLAS/FORT WORTH	04	32.9258330	-97.0436110
484393006	DALLAS/FORT WORTH	04	32.6930560	-97.2486110
484393007	DALLAS/FORT WORTH	04	32.8319000	-97.0661000
484393008	DALLAS/FORT WORTH	04	32.8108330	-97.3369440
484393009	DALLAS/FORT WORTH	04	32.9842596	-97.0637211
484393010	DALLAS/FORT WORTH	04	32.7392000	-97.4703300
484393011	DALLAS/FORT WORTH	04	32.6563574	-97.0885849
484395007	DALLAS/FORT WORTH	04	32.6638890	-97.0958330
484410001	ABILENE	03	32.4525000	-99.7416670
484410002	ABILENE	03	32.2355560	-99.8825000
484411509	ABILENE	03	32.4510110	-99.7297990
484415015	ABILENE	03	32.4113890	-99.6819440
484490001	TYLER	05	33.1800000	-94.9769440
484491078	TYLER	05	33.0752000	-94.8474000
484510001	SAN ANGELO	08	31.4650000	-100.4375000
484511001	SAN ANGELO	08	31.4611110	-100.4350000
484515016	SAN ANGELO	08	31.3577780	-100.4963890
484530001	AUSTIN	11	30.2711110	-97.7444440
484530002	AUSTIN	11	30.3133330	-97.7144440
484530003	AUSTIN	11	30.4200000	-97.7069440
484530004	AUSTIN	11	30.2711110	-97.7338890
484530005	AUSTIN	11	30.2361110	-97.7666670
484530006	AUSTIN	11	30.3469440	-97.7116670
484530007	AUSTIN	11	30.2625000	-97.6944440
484530008	AUSTIN	11	30.3372220	-97.7583330
484530010	AUSTIN	11	30.3125000	-97.7163890
484530011	AUSTIN	11	30.2127780	-97.7875000
484530012	AUSTIN	11	30.3736110	-97.7375000
484530013	AUSTIN	11	30.2763890	-97.7394440
484530014	AUSTIN	11	30.3544356	-97.7602554
484530015	AUSTIN	11	30.2388890	-97.7027780
484530016	AUSTIN	11	30.2652780	-97.7094440
484530017	AUSTIN	11	30.2641670	-97.7461110
484530020	AUSTIN	11	30.4831681	-97.8723005
484530021	AUSTIN	11	30.2632079	-97.7128831
484530326	AUSTIN	11	30.2583319	-97.7203007
484530613	AUSTIN	11	30.4186110	-97.6013890
484531001	AUSTIN	11	30.2827780	-97.8166670
484531002	AUSTIN	11	30.3194440	-97.8055560
484531026	AUSTIN	11	30.2595060	-97.7209000
484531068	AUSTIN	11	30.3538600	-97.6916600
484531603	AUSTIN	11	30.2163970	-97.8937440
484531605	AUSTIN	11	30.2285360	-97.7543950
484535001	AUSTIN	11	30.3136111	-97.7613889
484535003	AUSTIN	11	30.1944444	-97.6700000
484650002	LAREDO	16	29.3750000	-100.9166670
484650003	LAREDO	16	29.4708330	-100.9977780
484655017	LAREDO	16	29.3727780	-100.9258330
484690001	CORPUS CHRISTI	14	28.8205560	-96.9844440
484690003	CORPUS CHRISTI	14	28.8361697	-97.0055298
484690004	CORPUS CHRISTI	14	28.7513889	-96.8536111
484690609	CORPUS CHRISTI	14	28.8996200	-96.7851300
484710001	HOUSTON	12	30.7233330	-95.5447220
484715012	HOUSTON	12	30.7552780	-95.5872220
484730001	HOUSTON	12	30.0944440	-96.0658330
484790001	LAREDO	16	27.5250000	-99.5013890
484790002	LAREDO	16	27.5097220	-99.5172220
484790003	LAREDO	16	27.5083330	-99.5138890
484790004	LAREDO	16	27.5086110	-99.4805560
484790005	LAREDO	16	27.4169440	-99.4791670
484790006	LAREDO	16	27.5125000	-99.4958330
484790007	LAREDO	16	27.5597220	-99.5002780
484790008	LAREDO	16	27.5388890	-99.5111110
484790009	LAREDO	16	27.5072220	-99.5069440
484790010	LAREDO	16	27.5194440	-99.4944440
484790011	LAREDO	16	27.5194440	-99.4736110
484790012	LAREDO	16	27.5002780	-99.4669440
484790013	LAREDO	16	27.5583330	-99.5002780
484790014	LAREDO	16	27.5197220	-99.4900000
484790015	LAREDO	16	27.5013890	-99.5041670
484790016	LAREDO	16	27.5174485	-99.5152185
484790017	LAREDO	16	27.5018255	-99.5029843
484790313	LAREDO	16	27.5994440	-99.5333330
484850001	ABILENE	03	33.9105560	-98.4958330
484850002	ABILENE	03	33.9158330	-98.5055560
484850315	ABILENE	03	33.8630221	-98.5717882
484850652	ABILENE	03	33.8702780	-98.4597220
484851508	ABILENE	03	33.8493040	-98.5060960
484910674	AUSTIN	11	30.5327780	-97.6850000
484910690	AUSTIN	11	30.6664421	-97.7345790
484916602	AUSTIN	11	30.5457060	-97.5417940
484931038	SAN ANTONIO	13	29.1306750	-98.1480600
484970001	DALLAS/FORT WORTH	04	33.2191670	-97.7608330
484970087	DALLAS/FORT WORTH	04	33.2533330	-97.5833330
484970088	DALLAS/FORT WORTH	04	33.2217210	-97.5844450
484971001	DALLAS/FORT WORTH	04	33.2916670	-97.6597220
484971064	DALLAS/FORT WORTH	04	33.0440280	-97.4866180
800060001			31.7186110	-106.3961110
800060002			31.7313890	-106.4288890
800060003			31.6380560	-106.4430560
800060004			31.6897220	-106.4597220
800060005			31.6540000	-106.3545000
800060006			31.7355560	-106.4597220
800060007			31.7122220	-106.3952780
800060010			29.5311000	-104.4153000
800060011			31.6612700	-106.4542000
